2999
19
93
65
45
46
45
90
05
41
87
47
65
57
27
28
74
66
45
69
94
69
62
33
30
66
28
37
81
81
69
24
34
28
65
81
67
28
76
74
21
12
42
61
70
71
48
50
73
59
88
59
66
73
66
66
42
18
83
52
05
94
35
59
21
25
06
46
97
47
66
73
30
94
50
27
40
59
88
57
91
98
96
59
99
72
96
48
59
22
85
58
15
74
46
86
19
05
52
09
34
08
10
94
19
98
49
56
48
14
34
46
62
65
28
01
20
91
43
17
72
85
55
96
89
26
35
90
52
13
66
33
10
71
85
66
62
34
88
66
64
30
24
23
11
71
53
60
63
68
84
13
46
28
25
60
80
61
96
11
51
67
68
66
41
49
28
51
75
70
56
35
100
75
75
32
33
01
62
47
91
85
19
30
89
99
04
25
65
94
40
60
44
10
34
49
08
61
43
47
15
68
17
84
79
40
58
88
15
74
23
49
47
93
30
73
22
05
59
50
84
98
36
57
72
52
82
53
95
22
70
48
23
25
66
30
70
16
86
33
23
22
96
54
78
03
31
27
77
32
50
34
66
05
98
69
100
68
07
42
32
17
00
35
40
82
07
37
54
66
92
90
30
66
30
97
33
66
17
03
80
00
69
73
20
93
03
23
88
28
72
65
14
79
66
32
83
70
10
96
65
14
94
33
13
10
76
76
29
66
46
29
06
01
66
37
34
18
59
71
66
62
66
20
36
02
100
17
28
86
00
28
66
39
44
98
18
28
72
20
66
33
65
25
46
28
33
19
13
57
07
19
66
64
22
16
59
15
19
73
74
36
85
31
66
91
19
60
22
53
59
66
35
91
13
80
90
01
62
59
96
28
68
75
34
87
31
45
40
26
50
40
00
77
79
08
12
80
66
66
50
66
62
66
62
05
66
78
42
100
67
58
16
29
77
53
38
10
36
58
63
04
41
80
31
39
87
82
42
70
71
32
55
50
55
50
83
26
31
95
19
70
36
76
36
48
94
62
22
11
93
01
66
71
90
66
30
82
81
66
92
00
48
53
67
13
48
16
71
10
85
11
14
28
30
46
90
78
57
17
28
39
07
40
92
66
18
87
11
41
12
80
32
87
95
11
44
77
15
100
49
88
66
04
72
76
66
95
91
56
69
82
42
12
04
73
52
96
43
48
70
82
35
19
27
51
34
24
91
59
73
96
61
51
50
13
25
19
54
20
66
69
90
63
45
83
12
79
40
91
00
15
10
81
74
54
84
89
87
10
23
37
60
23
66
87
69
100
59
66
71
22
28
01
08
31
13
79
54
25
31
72
05
21
05
64
95
55
77
18
60
83
81
16
87
97
12
31
37
70
88
61
99
44
07
25
13
02
84
77
34
63
92
91
55
78
18
15
07
47
28
31
93
51
98
10
47
07
66
34
53
77
77
08
85
84
56
97
26
57
86
66
97
66
45
06
66
11
55
66
35
62
33
98
92
81
70
06
63
60
45
74
30
61
28
28
90
02
03
46
78
42
87
65
66
77
70
43
00
56
51
02
99
28
96
52
70
88
89
98
09
16
66
42
32
75
62
74
43
65
87
31
81
68
66
01
02
09
70
80
32
70
71
66
44
14
74
87
65
68
38
75
66
100
39
12
43
43
19
66
18
98
95
66
66
22
57
08
43
24
38
98
21
44
30
99
11
00
97
06
33
91
26
10
91
34
66
07
66
88
13
52
53
66
43
08
94
32
51
31
98
18
28
17
27
35
52
17
76
26
49
04
24
57
27
19
75
50
02
68
32
29
01
48
15
89
65
09
26
97
66
50
80
82
75
41
95
40
15
78
29
34
66
29
10
18
83
67
20
98
92
100
16
77
43
90
68
94
57
08
66
66
53
95
56
54
35
66
00
46
04
00
29
66
56
31
75
42
08
65
60
88
32
77
87
55
71
04
09
11
77
14
23
90
66
63
66
88
02
63
36
43
60
76
47
71
24
28
58
31
66
92
38
44
12
73
66
15
15
70
64
89
68
53
53
66
17
47
76
90
13
54
27
03
22
36
31
55
78
46
86
09
53
66
27
27
03
97
93
71
66
65
48
39
25
34
06
92
66
93
15
53
57
10
39
35
67
69
38
29
20
66
11
43
66
92
13
81
57
98
50
66
27
35
46
69
36
84
13
66
20
09
72
42
54
00
12
47
35
83
05
28
38
82
94
35
30
79
62
05
84
57
64
31
28
28
46
04
59
29
22
59
28
24
99
18
56
06
19
87
07
59
66
28
02
15
18
46
43
51
15
51
13
62
92
33
13
22
42
19
05
41
03
20
90
40
51
68
20
10
66
91
66
25
99
64
32
66
93
17
02
86
01
80
83
83
07
45
29
21
99
74
67
03
91
98
31
37
08
59
42
09
67
68
26
19
60
72
28
28
04
66
54
62
29
20
78
11
02
01
41
37
17
06
12
59
35
82
87
22
58
94
07
30
48
93
61
67
00
63
31
16
14
94
64
57
70
79
88
72
59
31
78
18
82
73
02
66
51
62
05
61
03
76
98
81
62
40
05
30
45
31
77
40
66
41
48
76
26
44
99
38
69
75
25
12
03
47
34
34
44
52
18
71
34
67
45
68
95
35
33
52
98
13
94
20
70
08
80
34
40
38
78
66
76
04
57
90
42
05
85
33
49
18
63
93
16
63
16
15
66
41
30
13
75
17
46
54
39
16
93
31
70
02
46
59
34
16
90
10
39
98
83
48
80
17
98
60
65
07
07
83
95
31
22
45
26
58
80
39
36
18
88
66
28
33
40
59
44
32
92
97
80
33
24
81
34
75
30
23
49
43
17
97
04
58
87
56
19
66
28
80
37
59
90
85
96
28
17
66
22
24
59
82
40
75
39
60
70
39
42
48
66
31
31
97
08
63
40
67
39
17
98
01
54
26
37
83
88
08
87
40
61
66
62
12
38
75
65
63
28
74
49
15
71
15
56
83
93
86
35
50
53
65
82
79
90
61
29
05
26
71
97
10
77
04
90
54
55
31
79
83
57
06
79
75
19
22
58
67
72
21
24
17
55
61
30
68
12
35
37
56
94
27
63
77
22
64
10
55
84
97
88
66
63
68
51
83
99
04
85
28
56
83
03
92
83
74
85
66
66
28
12
21
54
09
13
81
10
46
73
100
86
59
31
66
54
73
17
62
59
26
66
16
42
52
64
53
35
59
68
00
16
91
33
18
17
66
16
62
25
98
94
46
66
28
10
91
84
70
74
33
67
93
57
37
24
07
11
86
44
59
25
75
08
25
57
90
55
02
96
26
26
64
36
14
13
93
44
33
61
62
38
66
32
35
95
64
81
78
33
25
72
82
16
66
60
28
89
95
89
49
07
10
94
66
28
02
13
28
63
77
46
66
34
02
56
61
77
43
77
68
48
01
61
91
81
40
94
05
57
07
25
11
29
31
13
20
07
92
35
11
37
69
13
00
32
21
25
63
59
28
93
62
86
08
66
76
06
66
62
50
55
91
24
79
79
75
91
60
10
02
66
67
58
65
36
00
64
66
29
35
40
24
05
52
00
58
01
03
97
03
84
44
92
10
53
58
81
01
89
50
34
19
54
77
55
74
88
20
19
95
95
02
98
67
67
10
30
64
06
26
09
78
40
66
73
35
84
62
49
06
05
18
00
89
58
07
91
11
19
50
69
06
32
73
98
66
66
47
15
52
04
51
92
95
43
32
52
51
17
23
63
11
82
52
33
57
67
66
02
47
66
08
19
89
74
34
98
83
71
67
73
77
66
99
03
36
22
59
80
76
00
21
16
89
70
64
59
35
77
66
66
65
74
61
65
96
52
14
66
72
48
82
02
76
00
54
52
25
06
39
46
20
66
66
52
61
36
64
58
66
66
67
35
10
44
60
61
70
05
66
58
27
12
05
66
65
40
73
86
47
11
25
86
82
81
86
92
49
24
90
42
70
66
69
47
80
67
43
64
01
02
15
99
96
11
58
22
00
01
25
58
08
39
13
75
20
66
66
66
80
71
66
66
68
96
39
17
50
85
71
48
44
29
54
46
99
09
57
20
63
13
67
88
62
91
13
92
65
34
35
02
06
37
65
15
57
89
45
96
85
11
56
47
69
48
58
94
64
53
85
60
80
14
03
66
59
73
96
87
100
62
66
08
16
86
35
67
42
07
05
15
56
82
66
18
66
34
66
50
21
56
05
45
43
80
56
57
26
93
02
30
29
61
89
79
73
53
58
71
05
46
42
47
66
49
28
25
11
36
85
16
69
52
82
87
74
54
07
83
20
90
60
19
83
73
68
11
86
13
79
66
52
37
00
35
37
85
48
27
28
71
30
29
89
38
46
58
28
28
72
89
19
38
18
90
88
46
51
86
56
61
02
85
49
70
87
90
87
15
75
19
23
66
43
42
84
95
69
94
52
55
86
25
70
78
91
40
98
25
39
41
100
66
47
30
46
55
68
01
39
07
29
74
26
03
09
28
81
05
73
37
32
92
63
10
04
66
31
66
66
40
66
80
35
66
98
37
66
27
68
39
24
06
57
50
42
71
95
34
68
74
00
36
66
39
87
36
91
81
01
48
32
45
61
49
68
49
39
80
32
74
59
86
65
73
73
01
35
94
07
25
18
28
17
67
18
46
68
43
80
20
45
100
41
57
38
90
65
20
41
45
56
80
71
03
64
62
10
60
65
71
63
84
73
67
86
83
28
06
66
36
28
55
70
15
81
10
82
79
98
04
57
22
60
28
20
59
22
47
52
90
82
64
56
100
47
24
72
35
37
66
82
83
17
39
74
61
92
60
18
74
27
33
71
15
90
66
40
98
70
70
94
42
28
57
05
67
28
10
19
12
42
68
71
22
69
03
92
100
78
73
26
67
31
69
60
21
42
08
17
39
63
53
41
78
61
10
09
40
39
23
20
95
90
66
54
28
84
73
66
84
96
75
66
28
79
66
96
37
27
42
66
15
89
06
07
35
38
94
55
73
85
60
43
28
45
07
59
94
52
60
33
72
88
89
91
42
65
92
92
33
68
81
43
25
94
54
13
09
92
17
95
61
08
17
21
05
57
34
52
35
27
66
48
25
66
12
46
66
24
55
48
82
09
48
81
81
53
66
82
66
76
65
96
66
43
43
50
75
09
04
87
62
99
66
71
44
71
69
83
28
91
74
36
84
72
89
31
84
34
93
29
92
65
18
67
34
89
64
73
01
38
62
53
37
65
21
57
20
99
34
89
34
71
55
33
66
66
64
73
00
75
80
59
79
55
91
82
45
46
61
87
21
47
14
94
35
46
23
28
42
75
24
79
10
64
89
07
18
38
59
83
42
78
26
29
04
86
13
63
56
69
73
67
97
72
41
29
63
54
08
77
28
75
06
83
66
98
38
29
47
57
66
40
65
17
32
12
45
100
17
35
56
28
09
66
66
64
08
38
01
57
56
38
84
23
37
95
55
66
69
66
14
68
02
11
86
70
24
61
60
94
59
30
09
66
04
74
15
71
94
72
94
08
64
13
99
66
04
14
17
03
18
17
16
01
66
24
53
98
60
48
99
52
64
60
12
96
100
45
55
23
74
76
45
40
70
41
10
99
66
67
28
87
65
31
89
02
31
06
33
79
40
28
38
20
42
43
43
66
26
30
64
92
01
32
31
100
55
17
64
32
93
70
26
50
70
88
41
43
60
27
24
64
46
51
82
76
71
14
36
88
66
41
83
28
58
97
23
69
97
39
03
33
18
52
76
05
86
36
95
45
11
21
52
04
85
46
58
69
43
28
89
72
24
16
82
78
66
78
45
66
89
93
53
74
08
50
99
95
47
56
34
79
69
71
14
33
94
96
85
08
66
53
28
69
30
66
100
96
32
69
16
89
68
60
30
67
64
09
23
36
96
41
04
34
33
100
94
34
31
76
25
24
42
42
86
00
51
10
70
10
90
63
28
03
20
19
32
49
67
96
64
07
00
08
18
19
72
94
21
79
44
07
20
76
56
13
55
91
21
12
57
42
07
08
81
55
35
86
42
17
96
09
08
99
97
31
10
17
67
32
02
99
96
100
50
88
00
66
61
76
87
65
28
75
89
17
14
27
66
92
13
71
28
59
80
90
86
43
66
45
58
16
58
26
73
95
53
42
17
68
25
92
19
21
92
74
66
93
97
34
42
66
87
64
86
66
54
83
66
22
37
34
90
76
69
62
86
61
00
38
40
99
04
53
10
23
66
05
45
98
09
76
40
33
26
40
32
24
19
57
82
75
08
08
77
25
71
85
57
29
46
54
94
92
28
53
45
66
49
55
63
89
39
39
49
98
66
66
64
05
55
08
75
93
55
99
23
42
56
14
70
54
29
28
12
05
38
66
59
36
02
49
44
90
18
93
05
62
44
51
80
32
67
94
01
65
06
100
15
36
23
52
67
66
06
50
06
33
42
09
01
21
49
27
66
48
00
63
85
22
97
94
15
37
41
77
85
50
89
58
73
66
78
64
14
64
72
16
54
72
48
68
55
99
36
01
42
66
95
05
83
48
26
38
76
28
88
96
04
42
90
66
99
52
63
12
00
69
80
77
60
97
03
83
81
33
01
48
30
89
65
49
08
01
19
13
24
72
82
23
71
10
38
84
04
19
56
82
12
85
32
66
46
17
47
81
96
74
04
96
07
81
80
63
66
04
98
73
37
27
34
09
85
42
00
76
42
01
40
02
96
81
48
75
62
56
48
56
54
92
55
93
66
90
31
93
04
12
98
28
13
84
89
52
27
71
